			% of divergence bins:
Rname	Rclass	Rfam	[0;1[	[1;2[	[2;3[	[3;4[	[4;5[	[5;6[	[6;7[	[7;8[	[8;9[	[9;10[	[10;11[	[11;12[	[12;13[	[13;14[	[14;15[	[15;16[	[16;17[	[17;18[	[18;19[	[19;20[	[20;21[	[21;22[	[22;23[	[23;24[	[24;25[	[25;26[	[26;27[	[27;28[	[28;29[	[29;30[	[30;31[	[31;32[	[32;33[	[33;34[	[34;35[	[35;36[	[36;37[	[37;38[	[38;39[	[39;40[	[40;41[	[41;42[	[42;43[	[43;44[	[44;45[	[45;46[	[46;47[	[47;48[	[48;49[	[49;50[

Tad1-9C_BG	LINE	Tad1	0	0	0	0	0	0	0	0	0	0	0	0	0	0	0	0	0	0	0	0	0	0	91	0	0	0	0	0	0	0	0	0	0	0	0	0	0	0	0	0	0	0	0	0	0	0	0	0	0	0
rnd-1_family-9	Unknown	Unknown	0	0	0	0	0	140	0	0	0	316	853	384	619	454	135	282	22	245	342	278	248	184	45	290	434	0	308	112	110	0	0	0	113	0	0	0	0	0	0	0	0	0	0	0	0	0	0	0	0	0
Copia-1_CPu-I	LTR	Copia	0	0	0	0	0	0	0	0	0	0	0	0	0	0	0	0	0	62	0	55	0	0	0	0	0	0	0	0	0	0	0	0	0	0	0	0	0	0	0	0	0	0	0	0	0	0	0	0	0	0
Mariner-1_SS	DNA	TcMar-Fot1	0	0	0	0	0	0	0	0	0	0	0	0	0	0	0	0	0	0	0	0	0	0	0	0	0	0	0	0	0	0	0	0	0	0	0	0	1590	0	0	0	0	0	0	0	0	0	0	0	0	0
rnd-1_family-21	Unknown	Unknown	0	0	0	0	0	73	87	0	47	0	152	121	109	154	180	215	0	254	72	37	0	70	0	179	223	72	0	0	0	0	0	0	72	0	0	0	0	0	0	0	0	0	0	0	0	0	0	0	0	0
Gypsy-58_BG-I	LTR	Gypsy	0	0	0	0	0	0	0	0	0	0	0	0	0	0	0	0	0	0	0	0	0	0	0	0	0	0	0	0	0	0	0	0	0	0	0	0	0	0	666	0	0	0	0	0	0	0	0	0	0	0
GYPSY1_MG	LTR	Gypsy	0	0	0	0	0	0	0	0	0	0	0	0	0	0	0	0	0	0	0	0	0	0	0	0	0	66	0	0	0	0	0	0	0	0	0	0	0	0	0	0	0	0	0	0	0	0	0	0	0	0
MGR583	LINE	Tad1	0	0	0	0	0	0	0	0	35	0	0	0	0	0	0	0	0	0	0	0	0	0	0	0	0	0	0	0	0	0	0	0	0	0	0	0	0	0	0	0	0	0	0	0	0	0	0	0	0	0
Gypsy-1_GDe-I	LTR	Gypsy	0	0	0	0	0	0	0	0	0	0	0	0	0	0	0	0	0	0	66	0	0	0	0	0	0	0	0	0	0	0	0	0	0	0	0	0	0	0	0	0	0	0	0	0	0	0	0	0	0	0
MoTeR2	LINE	CRE	0	0	0	0	0	0	0	0	0	0	0	0	0	0	0	0	0	0	0	0	0	0	0	0	0	51	0	0	0	0	0	0	0	0	0	0	0	0	0	0	0	0	0	0	0	0	0	0	0	0
rnd-1_family-50	Unknown	Unknown	0	0	145	0	145	0	291	143	0	145	0	145	0	145	0	146	0	145	290	0	0	0	44	145	0	0	0	235	0	134	0	0	0	0	0	0	0	0	0	0	0	0	0	0	0	0	0	0	0	0
MGRL3_I	LTR	Gypsy	0	0	0	0	0	0	0	41	0	0	0	0	0	0	0	0	0	0	0	0	0	0	0	0	0	0	0	0	0	0	0	0	0	0	0	0	0	0	0	0	0	0	0	0	0	0	0	0	0	0
Gypsy-28_ADe-I	LTR	Gypsy	0	0	0	0	0	0	0	0	0	0	0	0	0	0	0	0	0	0	0	0	0	0	0	0	0	0	76	0	0	202	0	0	0	0	0	0	0	0	0	0	0	0	0	0	0	0	0	0	0	0
rnd-4_family-280	Unknown	Unknown	0	0	0	0	0	0	192	191	255	189	213	61	570	87	382	452	321	166	783	376	190	447	152	171	347	163	186	174	0	0	176	0	0	0	0	0	0	0	0	0	0	0	0	0	0	0	0	0	0	0
Mariner-7_SS	DNA	TcMar-Fot1	0	0	0	0	0	0	0	0	0	0	0	0	0	0	0	0	0	0	0	0	0	0	0	0	0	0	134	0	0	0	0	0	0	0	0	0	0	0	0	0	0	0	0	0	0	0	0	0	0	0
rnd-1_family-6	Unknown	Unknown	0	0	0	0	1562	75	0	0	0	0	0	0	0	0	141	71	61	0	0	0	0	0	0	0	0	0	0	0	0	0	0	0	0	0	0	0	0	0	0	0	0	0	0	0	0	0	0	0	0	0
rnd-1_family-14	Unknown	Unknown	0	0	0	0	0	0	0	0	0	0	50	0	0	0	97	0	0	0	0	0	0	0	0	0	0	0	0	0	0	0	0	0	0	0	0	0	0	0	0	0	0	0	0	0	0	0	0	0	0	0
Mariner2N1_AO	DNA	TcMar-Fot1	0	0	0	0	0	0	0	0	0	0	0	60	0	0	0	0	0	0	0	0	0	0	0	119	0	0	0	396	402	0	0	0	0	0	0	0	0	0	0	0	0	0	0	0	0	0	0	0	0	0
rnd-1_family-26	Unknown	Unknown	63	0	278	316	175	92	161	100	73	214	104	337	65	0	0	99	101	208	108	0	0	66	0	0	0	0	0	0	0	0	0	0	0	0	0	0	0	0	0	0	0	0	0	0	0	0	0	0	0	0
AcademH-4_PGr	DNA	Academ-H	0	0	0	0	0	0	0	0	0	0	0	0	0	0	0	0	0	0	0	0	0	0	0	0	0	0	0	0	0	0	71	0	0	0	0	0	0	0	0	0	0	0	0	0	0	0	0	0	0	0
Tad1-65B_BG	LINE	Tad1	0	0	0	0	0	0	0	0	0	0	0	0	42	0	0	0	0	0	0	0	0	0	0	0	0	0	0	0	0	0	0	0	0	0	0	0	0	0	0	0	0	0	0	0	0	0	0	0	0	0
rnd-1_family-13	Unknown	Unknown	0	0	0	0	0	0	0	129	228	181	129	126	57	0	0	0	0	453	0	0	0	0	0	0	0	0	0	0	96	0	0	0	0	0	0	0	0	0	0	0	0	0	0	0	0	0	0	0	0	0
rnd-1_family-0	LTR	Gypsy	0	0	0	0	0	0	0	0	1609	23542	39397	36922	19973	14448	7902	708	6086	3140	439	4660	5051	6666	1356	5933	6391	3998	2530	4195	4277	2643	2690	140	986	0	0	0	0	0	0	0	0	0	0	0	0	0	0	0	0	0
rnd-1_family-34	Unknown	Unknown	0	0	0	0	0	0	0	0	0	0	0	437	805	660	421	443	513	226	434	437	775	0	233	0	0	0	0	234	0	0	0	0	0	0	0	0	0	0	0	0	0	0	0	0	0	0	0	0	0	0
Copia-22_MLP-I	LTR	Copia	0	0	0	0	0	0	0	0	0	0	0	0	0	0	0	0	0	0	0	0	0	0	0	0	0	0	56	0	0	0	0	0	0	0	0	0	0	0	0	0	0	0	0	0	0	0	0	0	0	0
rnd-1_family-35	Unknown	Unknown	0	0	0	0	0	0	0	0	0	0	0	0	0	0	0	0	0	1203	0	0	0	0	0	0	0	0	0	0	0	0	0	0	0	0	0	0	0	0	0	0	0	0	0	0	0	0	0	0	0	0
Gypsy-19_LBS-I	LTR	Gypsy	0	0	0	0	0	0	0	0	0	0	0	0	0	0	0	0	0	0	0	0	66	0	0	0	0	0	0	0	0	0	0	0	0	0	0	0	0	0	0	0	0	0	0	0	0	0	0	0	0	0
MarCry-1_FO	DNA	TcMar-Fot1	0	0	0	0	0	0	0	0	0	0	0	0	0	0	0	0	0	0	0	0	0	0	0	0	0	0	0	0	0	0	0	0	0	0	1146	0	0	1978	4068	2740	2900	3407	791	778	0	0	0	0	0	0
Copia-6_PGr-I	LTR	Copia	0	0	0	0	0	0	0	0	0	0	0	0	0	0	0	0	0	56	0	0	0	0	0	0	0	0	0	86	0	0	0	0	0	0	0	0	0	0	0	0	0	0	0	0	0	0	0	0	0	0
Copia-2_LBS-I	LTR	Copia	0	0	0	0	0	0	0	0	0	0	0	0	0	0	0	0	0	0	0	0	0	0	0	73	0	0	0	0	0	0	0	0	0	0	0	0	0	0	0	0	0	0	0	0	0	0	0	0	0	0
rnd-1_family-33	Unknown	Unknown	0	0	34	0	67	77	0	139	0	75	77	0	48	67	152	131	0	136	0	142	132	66	0	151	0	0	0	0	0	0	0	0	0	0	0	0	0	0	0	0	0	0	0	0	0	0	0	0	0	0
CACTA-1_Ccinerea	DNA	CMC-EnSpm	0	0	0	0	0	0	0	0	0	0	0	0	0	0	0	0	0	0	43	0	46	0	0	81	0	0	0	0	0	0	0	0	0	0	0	0	0	0	0	0	0	0	0	0	0	0	0	0	0	0
Gypsy-6_PSH-I	LTR	Gypsy	0	0	0	0	0	0	0	0	35	0	0	0	0	0	0	0	0	0	0	0	0	0	0	0	0	0	0	0	0	0	0	0	0	0	0	0	0	0	0	0	0	0	0	0	0	0	0	0	0	0
Tad1-12_BG	LINE	Tad1	0	0	0	0	0	0	0	0	0	0	0	0	0	0	0	0	0	0	0	0	0	0	0	0	0	0	0	134	0	0	0	0	0	0	0	0	0	0	0	0	0	0	0	0	0	0	0	0	0	0
Tad1-21_BG	LINE	Tad1	0	0	0	0	0	0	0	0	0	0	0	0	0	0	0	0	0	54	0	0	0	0	0	0	0	0	0	0	0	0	0	0	0	0	0	0	0	0	0	0	0	0	0	0	0	0	0	0	0	0
Copia-44_MLP-I	LTR	Copia	0	0	0	0	0	0	0	0	0	0	0	0	0	0	0	0	0	0	0	0	45	0	0	0	0	0	0	0	0	0	0	0	0	0	0	0	0	0	0	0	0	0	0	0	0	0	0	0	0	0
Harbinger-4D_PSt	DNA	PIF-Harbinger	0	0	0	0	0	0	0	0	0	0	0	0	0	0	0	0	0	0	0	0	0	0	0	0	0	0	0	0	0	0	0	132	0	0	0	0	0	0	0	0	0	0	0	0	0	0	0	0	0	0
Gypsy-32_ADe-I	LTR	Gypsy	0	0	0	0	0	0	0	0	0	0	0	0	0	0	0	0	0	0	0	0	69	0	0	0	0	0	0	0	279	253	47	0	0	0	0	91	0	0	158	0	0	0	0	0	0	0	0	0	0	0
rnd-1_family-44	Unknown	Unknown	0	0	0	0	0	0	66	0	60	0	0	0	0	0	72	70	0	83	0	0	0	0	0	0	0	0	0	0	0	0	0	0	0	0	0	0	0	0	0	0	0	0	0	0	0	0	0	0	0	0
FLIPPER	DNA	TcMar-Fot1	0	0	0	0	0	0	0	0	0	0	0	0	0	0	0	0	0	0	0	0	0	0	0	0	0	0	0	0	0	0	0	0	970	0	0	0	0	0	0	0	0	0	0	0	0	0	0	0	0	0
rnd-1_family-28	Unknown	Unknown	0	0	0	0	0	0	0	0	0	253	0	253	0	0	256	0	512	0	0	0	0	0	0	73	255	0	0	0	0	0	0	0	0	0	0	0	0	0	0	0	0	0	0	0	0	0	0	0	0	0
Gypsy-2_GDe-I	LTR	Gypsy	0	0	0	0	0	0	0	0	0	0	0	0	0	0	0	0	0	41	0	0	0	0	0	0	0	0	0	0	0	0	0	0	0	0	0	0	0	0	0	0	0	0	571	0	0	0	0	0	0	0
Mariner-3_PGr	DNA	TcMar-Tc1	0	0	0	0	0	0	0	0	0	0	0	0	0	0	0	0	0	0	0	0	0	72	0	0	0	0	0	0	0	0	0	0	0	0	0	0	0	0	0	0	0	0	0	0	0	0	0	0	0	0
rnd-1_family-32	Unknown	Unknown	0	0	0	0	0	0	0	0	0	0	0	0	0	0	0	0	0	0	0	0	0	58	0	0	0	0	0	0	0	0	0	0	0	0	0	0	0	0	0	0	0	0	0	0	0	0	0	0	0	0
Gypsy-8_CPu-I	LTR	Gypsy	0	0	0	0	0	0	0	0	0	0	0	0	0	0	0	0	0	58	0	0	0	0	0	0	0	0	0	0	0	0	0	0	0	0	0	0	0	0	0	0	0	0	0	0	0	0	0	0	0	0
Harbinger-7_PGr	DNA	PIF-Harbinger	0	0	0	0	0	0	0	0	0	0	0	0	0	0	0	0	0	0	0	0	0	0	79	0	100	0	0	0	0	0	0	0	0	0	0	0	0	0	0	0	0	0	0	0	0	0	0	0	0	0
EnSpm-7_MLP	DNA	CMC-EnSpm	0	0	0	0	0	0	0	0	0	0	0	0	0	0	0	0	0	0	0	0	0	0	0	0	0	0	87	0	0	0	0	0	0	0	0	0	0	0	0	0	0	0	0	0	0	0	0	0	0	0
Gypsy-105_MLP-I	LTR	Gypsy	0	0	0	0	0	0	0	0	0	0	0	0	0	0	0	0	0	0	0	0	0	0	0	0	0	73	0	0	0	0	0	0	0	0	0	0	0	0	0	0	0	0	0	0	0	0	0	0	0	0
rnd-1_family-8	Unknown	Unknown	0	0	0	0	0	0	0	0	0	0	0	0	0	124	4982	7022	4761	2064	5218	5486	7009	2769	1376	147	0	0	0	0	0	0	110	0	0	0	0	0	0	0	0	0	0	0	0	0	0	0	0	0	0	0
rnd-1_family-10	Unknown	Unknown	0	0	109	0	1795	76	0	0	0	0	0	0	75	0	0	0	0	0	0	0	0	0	0	0	0	0	0	0	0	0	0	0	0	0	0	0	0	0	0	0	0	0	0	0	0	0	0	0	0	0
CRYPTON-CN1	DNA	Crypton-F	0	0	0	0	0	0	0	0	0	0	0	0	47	0	0	0	0	0	0	0	0	0	0	0	0	0	0	0	0	0	0	0	0	0	0	0	0	0	0	0	0	0	0	0	0	0	0	0	0	0
rnd-1_family-25	Unknown	Unknown	0	0	0	0	0	0	0	41	327	215	3573	2360	2069	1730	0	756	763	0	468	0	582	503	663	0	254	917	163	1079	0	0	0	0	0	0	0	0	0	0	0	432	0	0	0	0	0	0	0	0	0	0
Copia-5_ADe-I	LTR	Copia	0	0	0	0	0	0	0	0	0	0	0	0	0	0	0	0	0	0	0	0	0	0	0	80	57	0	0	0	0	0	0	0	0	0	0	0	0	0	0	0	0	0	0	0	0	0	0	0	0	0
Copia-2_ADe-I	LTR	Copia	0	0	0	0	0	0	0	0	0	0	0	0	0	0	0	0	0	0	0	0	0	0	0	63	0	0	0	0	0	0	0	0	0	0	0	0	0	0	0	0	0	0	0	0	0	0	0	0	0	0
rnd-1_family-24	Unknown	Unknown	941	280	87	41	0	0	0	0	0	0	0	0	0	0	0	0	0	0	0	0	0	0	0	0	0	0	0	0	0	0	0	0	0	0	0	0	0	0	0	0	0	0	0	0	0	0	0	0	0	0
Copia-14_BG-I	LTR	Copia	0	0	0	0	0	0	0	0	0	0	0	0	0	0	0	0	0	0	0	0	0	0	0	0	0	194	0	0	0	0	0	0	0	0	0	0	0	0	0	0	0	0	0	0	0	0	0	0	0	0
Gypsy-15_LBS-I	LTR	Gypsy	0	0	0	0	0	0	0	0	0	0	0	0	0	0	0	0	0	0	0	0	0	0	0	0	0	0	49	0	0	0	0	0	0	0	0	0	0	0	0	0	0	0	0	0	0	0	0	0	0	0
rnd-1_family-2	Unknown	Unknown	0	0	0	0	49	0	0	0	0	0	0	222	298	193	0	0	975	1088	0	719	0	964	0	0	300	157	0	0	0	0	0	0	0	0	0	0	0	0	0	0	0	0	0	0	0	0	0	0	0	0
rnd-1_family-7	Unknown	Unknown	0	0	0	119	122	177	60	65	28	286	396	0	84	322	224	58	0	0	0	67	0	0	0	0	0	0	0	0	0	0	0	0	0	0	0	0	0	0	0	0	0	0	0	0	0	0	0	0	0	0
Mariner-5_SS	DNA	TcMar-Fot1	0	0	0	0	0	0	0	0	0	0	0	0	0	0	0	0	0	0	0	0	0	0	0	0	0	0	0	0	0	0	0	0	0	0	0	0	692	0	0	0	0	0	0	0	0	0	0	0	0	0
rnd-1_family-4	Unknown	Unknown	0	0	0	163	0	0	504	542	1455	435	657	643	734	799	334	266	758	239	29	0	112	0	23	0	0	127	0	0	0	0	0	0	0	0	0	0	0	0	0	0	0	0	0	0	0	0	0	0	0	0
Gypsy-1-I_AF	LTR	Gypsy	0	0	0	0	0	0	0	0	0	0	0	0	0	0	0	0	0	0	0	0	0	0	0	0	0	0	0	0	0	0	0	512	0	0	0	0	0	0	0	0	0	0	0	0	0	0	0	0	0	0
Gypsy-27_LBS-I	LTR	Gypsy	0	0	0	0	0	0	0	0	0	0	0	0	0	0	0	0	0	0	0	0	0	0	0	55	0	0	0	0	0	0	0	0	0	0	0	0	0	0	0	0	0	0	0	0	0	0	0	0	0	0
Copia-21_BG-I	LTR	Copia	0	0	0	0	0	0	0	0	0	0	0	0	47	0	0	0	0	0	0	0	0	0	0	0	0	0	0	0	0	0	0	0	0	0	0	0	0	0	0	0	0	0	0	0	0	0	0	0	0	0
rnd-1_family-23	Unknown	Unknown	0	532	992	99	0	0	0	0	0	0	0	0	0	0	0	0	0	0	0	0	0	0	0	0	0	0	0	0	0	0	0	0	0	0	0	0	0	0	0	0	0	0	0	0	0	0	0	0	0	0
Gypsy-9_BG-I	LTR	Gypsy	0	0	0	0	0	0	0	0	0	0	0	0	0	0	0	0	0	0	0	0	0	0	0	0	0	0	0	0	0	0	0	0	0	0	0	667	0	538	0	616	0	0	0	0	0	0	0	0	0	0
rnd-1_family-1	LTR	Gypsy	0	0	79	0	0	0	0	0	2811	1653	6433	8479	3646	2798	5738	1761	3178	2008	1465	11802	828	6627	5326	12169	8690	8968	1217	2713	2225	0	0	1132	0	0	0	0	0	0	0	0	0	0	0	0	0	0	0	0	0	0
Copia-38_MLP-I	LTR	Copia	0	0	0	0	0	0	0	0	0	0	0	0	41	0	0	0	0	0	0	0	0	0	0	0	0	0	0	0	0	0	0	0	0	0	0	0	0	0	0	0	0	0	0	0	0	0	0	0	0	0
rnd-4_family-1120	Unknown	Unknown	0	0	0	0	0	0	0	0	0	0	0	0	0	209	0	1681	0	0	0	0	117	1799	719	4196	2256	6064	1238	5097	5346	3790	3893	2023	914	1366	825	0	0	0	0	0	0	0	0	0	0	0	0	0	0	0
Gypsy-20_LBS-I	LTR	Gypsy	0	0	0	0	0	0	0	0	0	0	0	0	0	0	0	0	0	0	0	0	0	0	0	0	0	0	0	54	0	0	0	0	0	0	0	0	0	0	0	0	0	0	0	0	0	0	0	0	0	0
Tad1-25_BG	LINE	Tad1	0	0	0	0	0	0	0	0	0	0	0	0	0	0	0	0	0	0	0	42	0	0	0	0	0	0	0	0	0	0	0	0	0	0	0	0	0	0	0	0	0	0	0	0	0	0	0	0	0	0
Gypsy-10_SCH-I	LTR	Gypsy	0	0	0	0	0	0	0	0	0	0	0	0	51	0	0	0	0	0	0	0	0	0	0	0	0	0	0	0	0	0	0	0	0	0	0	0	0	0	0	0	0	0	0	0	0	0	0	0	0	0
rnd-1_family-39	Unknown	Unknown	0	0	0	0	0	0	78	0	79	0	138	0	80	394	145	234	159	0	0	78	79	0	0	0	0	0	0	0	0	0	0	0	0	0	0	0	0	0	0	0	0	0	0	0	0	0	0	0	0	0
MarinerL-1_AO	DNA	TcMar-Ant1	0	0	0	0	0	0	0	0	0	0	0	0	0	0	0	0	0	0	0	0	0	0	0	0	0	0	0	0	0	0	0	0	0	0	179	0	0	0	0	0	0	0	0	0	0	0	0	0	0	0
rnd-1_family-38	Unknown	Unknown	0	0	0	0	0	139	137	139	0	139	134	0	0	0	146	0	122	115	356	215	271	120	61	0	0	127	0	264	0	0	0	0	0	0	0	0	0	0	0	0	0	0	0	0	0	0	0	0	0	0
rnd-4_family-259	Unknown	Unknown	0	0	0	0	0	0	398	17	720	6866	128	5509	4775	11343	10233	12249	13350	8856	15332	6822	2791	3206	626	629	393	0	77	241	60	107	674	0	347	0	108	0	0	0	139	0	0	0	0	0	0	0	0	0	0	0
Gypsy-24_ADe-I	LTR	Gypsy	0	0	0	0	0	0	0	0	0	0	0	34	0	0	56	47	0	0	0	61	0	0	0	0	0	0	0	0	0	0	0	0	0	0	0	0	0	0	0	0	0	0	0	0	0	0	0	0	0	0
P-1_AllMac	DNA	P	0	0	0	0	0	0	0	0	0	0	0	0	0	0	0	44	0	0	0	0	0	0	0	0	0	0	0	0	0	0	0	0	0	0	0	0	0	0	0	0	0	0	0	0	0	0	0	0	0	0
GYARLI1_I	LTR	Gypsy	0	0	0	0	0	0	0	0	0	0	0	0	0	0	0	44	0	0	0	0	0	0	0	0	0	0	0	0	0	0	0	0	0	0	0	0	0	0	0	0	0	0	0	0	0	0	0	0	0	0
Gypsy-111_MLP-I	LTR	Gypsy	0	0	0	0	0	0	0	0	0	0	0	0	0	0	56	0	0	0	0	0	0	0	0	0	0	0	0	0	0	0	0	0	0	0	0	0	0	0	0	0	0	0	0	0	0	0	0	0	0	0
rnd-1_family-3	Unknown	Unknown	0	0	0	235	1011	1153	1993	1063	1855	2550	1554	1692	1347	1589	663	403	1690	640	774	448	506	0	677	96	0	0	0	0	0	0	0	0	0	0	0	0	0	0	0	0	0	0	0	0	0	0	0	0	0	0
rnd-1_family-45	Unknown	Unknown	0	58	0	121	0	40	59	0	60	52	0	61	0	59	123	60	59	0	125	61	58	62	59	0	0	0	0	0	0	0	0	0	0	0	0	0	0	0	0	0	0	0	0	0	0	0	0	0	0	0
rnd-1_family-16	Unknown	Unknown	0	0	0	0	0	0	0	0	0	0	146	2028	1438	5766	4065	2336	2085	1051	1843	497	900	262	0	440	113	0	0	350	77	551	0	217	0	201	0	0	0	0	0	0	0	0	0	0	0	0	0	0	0	0
Copia-58_BG-I	LTR	Copia	0	0	0	0	0	0	0	0	0	0	0	0	0	0	0	0	0	0	0	0	56	0	0	0	0	0	0	0	0	160	0	0	180	69	0	0	0	0	0	0	0	0	0	0	0	0	0	0	0	0
Gypsy-10_CCO-I	LTR	Gypsy	0	0	0	0	0	0	0	0	0	0	0	0	0	0	0	0	0	0	0	0	0	0	91	0	0	0	0	0	84	0	0	0	0	0	0	0	0	0	0	0	0	0	0	0	0	0	0	0	0	0
Copia-52_BG-I	LTR	Copia	0	0	0	0	0	0	0	0	0	0	0	0	0	0	0	0	0	0	0	0	0	0	0	0	92	0	0	0	0	0	0	0	0	0	0	0	0	0	0	0	0	0	0	0	0	0	0	0	0	0
Copia-27_MLP-I	LTR	Copia	0	0	0	0	0	0	0	0	0	0	46	0	0	0	0	0	0	0	0	0	0	0	0	0	0	0	0	0	0	0	0	0	0	0	0	0	0	0	0	0	0	0	0	0	0	0	0	0	0	0
Gypsy-62_BG-LTR	LTR	Gypsy	0	0	0	0	0	0	0	0	0	0	0	0	0	0	0	0	0	0	0	0	0	0	0	0	0	0	0	0	0	116	0	0	0	0	0	0	0	0	0	0	0	0	0	0	0	0	0	0	0	0
DIRS-5_PGr	LTR	Ngaro	0	0	0	0	0	0	0	0	0	0	0	0	0	0	0	0	0	0	46	0	0	0	0	0	0	0	0	0	0	0	0	0	0	0	0	0	0	0	0	0	0	0	0	0	0	0	0	0	0	0
Mariner-2_SLL	DNA	TcMar-Fot1	0	0	0	0	0	0	0	0	0	0	0	0	0	0	0	0	0	0	0	0	0	0	125	0	0	0	0	0	0	0	0	0	0	0	0	0	0	0	0	0	0	0	0	0	0	0	0	0	0	0
I-3_AO	LINE	Tad1	0	0	0	0	0	0	0	0	0	0	0	0	0	0	0	0	0	0	0	0	0	0	94	0	0	0	0	0	0	0	0	0	0	0	0	0	0	0	0	0	0	0	0	0	0	0	0	0	0	0
Mariner-10_SS	DNA	TcMar-Fot1	0	0	0	0	0	0	0	0	0	0	0	0	0	0	0	0	0	0	0	0	0	0	0	0	0	0	0	0	0	0	0	0	0	96	0	0	0	0	0	0	0	0	0	0	0	0	0	0	0	0
Harbinger-4C_PSt	DNA	PIF-Harbinger	0	0	0	0	0	0	0	0	0	0	0	0	0	0	0	0	0	0	0	0	0	0	0	0	98	0	0	0	0	0	0	0	0	0	0	0	0	0	0	0	0	0	0	0	0	0	0	0	0	0
rnd-1_family-29	Unknown	Unknown	0	0	0	0	112	155	0	0	85	127	385	506	349	576	499	122	116	322	118	0	107	78	0	0	123	0	0	0	217	0	0	0	0	0	0	0	0	0	0	0	0	0	0	0	0	0	0	0	0	0
Copia-4_MVPL-I	LTR	Copia	0	0	0	0	0	0	0	0	0	0	0	0	0	0	0	0	0	0	0	0	0	55	0	0	0	0	0	0	0	0	0	0	0	0	0	0	0	0	0	0	0	0	0	0	0	0	0	0	0	0
EnSpm-2_ROr	DNA	CMC-EnSpm	0	0	0	0	0	0	0	0	0	0	0	0	0	0	0	0	0	0	0	0	0	0	0	0	0	0	84	0	0	0	0	0	0	0	0	0	0	0	0	0	0	0	0	0	0	0	0	0	0	0
Tad1-14_BG	LINE	Tad1	0	0	0	0	0	0	0	0	0	0	0	0	0	0	0	0	0	0	0	0	0	0	0	0	0	0	0	0	0	0	0	0	0	0	0	474	0	0	0	0	0	0	0	0	0	0	0	0	0	0
rnd-1_family-47	Unknown	Unknown	0	0	0	0	0	0	0	0	0	0	433	876	0	219	121	0	219	180	0	0	101	0	0	0	0	159	0	99	291	0	148	0	150	0	0	0	0	0	0	0	0	0	0	0	0	0	0	0	0	0
rnd-1_family-22	Unknown	Unknown	30	0	0	0	0	0	92	0	203	0	343	716	564	1361	641	144	135	144	144	142	0	0	0	0	0	0	0	0	0	0	0	0	0	0	0	0	0	0	0	0	0	0	0	0	0	0	0	0	0	0
Gypsy-11_ADe-I	LTR	Gypsy	0	0	0	0	0	0	0	0	0	0	0	0	0	0	0	0	0	0	0	0	0	0	66	0	0	0	0	0	0	0	0	0	0	0	0	0	0	0	0	0	0	0	0	0	0	0	0	0	0	0
Gypsy-27_ADe-I	LTR	Gypsy	0	0	0	0	0	0	0	0	0	0	0	0	0	0	0	0	0	0	55	0	0	0	0	0	0	0	0	0	0	0	0	0	0	0	0	0	0	0	0	0	0	0	0	0	0	0	0	0	0	0
rnd-1_family-31	Unknown	Unknown	0	410	1022	614	615	421	572	605	254	0	0	193	0	53	210	0	57	0	205	0	358	0	0	0	0	0	0	0	0	0	0	0	119	0	0	0	0	0	0	0	0	0	0	0	0	0	0	0	0	0
Gypsy-84_MLP-I	LTR	Gypsy	0	0	0	0	0	0	0	0	0	0	0	0	0	0	0	0	66	0	0	0	0	0	0	0	0	0	0	0	0	0	0	0	0	0	0	0	0	0	0	0	0	0	0	0	0	0	0	0	0	0
Copia-11_PTrit-I	LTR	Copia	0	0	0	0	0	0	0	0	0	0	0	0	0	0	0	0	0	0	0	0	0	0	0	0	0	0	0	81	0	0	0	0	0	0	0	0	0	0	0	0	0	0	0	0	0	0	0	0	0	0
rnd-1_family-46	Unknown	Unknown	540	0	0	0	0	0	0	0	0	0	0	0	0	0	0	0	0	0	0	0	0	0	0	0	0	0	0	0	0	0	0	0	0	0	0	0	0	0	0	0	0	0	0	0	0	0	0	0	0	0
rnd-1_family-49	LTR	Gypsy	0	0	0	0	0	0	0	4721	2739	4422	8589	5744	4692	0	55	0	0	4729	4718	2383	0	0	0	1046	0	0	0	0	0	0	0	0	0	0	0	0	0	0	0	0	0	0	0	0	0	0	0	0	0	0
rnd-1_family-19	Unknown	Unknown	0	0	0	0	0	0	0	0	442	0	107	0	842	407	636	515	59	475	224	0	133	352	0	211	58	41	0	0	0	0	0	0	0	0	0	0	0	0	0	0	0	0	0	0	0	0	0	0	0	0
Gypsy-34_ADe-I	LTR	Gypsy	0	0	0	0	0	0	0	0	0	0	0	0	0	0	0	0	43	0	0	0	0	0	0	0	0	0	0	0	0	0	0	0	0	0	0	0	0	0	0	0	0	0	0	0	0	0	0	0	0	0
Copia-38_BG-I	LTR	Copia	29	0	0	0	0	0	0	0	0	0	0	0	0	0	0	0	0	0	0	0	0	0	0	0	0	0	0	0	0	0	0	0	0	0	0	0	0	0	0	0	0	0	0	0	0	0	0	0	0	0
FTF1_FO	DNA	TcMar-Pogo	0	0	0	0	0	0	0	0	0	0	0	0	0	0	0	0	0	0	0	0	45	0	0	0	0	0	0	0	0	0	0	0	0	0	0	0	0	0	0	0	0	0	0	0	0	0	0	0	0	0
rnd-1_family-15	Unknown	Unknown	0	0	0	0	0	34	0	0	0	2272	8080	4512	10913	2198	3878	0	1148	513	2157	569	0	288	178	0	0	0	0	0	0	0	0	0	0	0	0	0	0	0	0	0	0	0	0	0	0	0	0	0	0	0
Gypsy-17_LBS-LTR	LTR	Gypsy	0	0	0	0	0	0	0	0	0	0	0	0	0	38	0	0	0	0	0	0	0	0	0	0	0	0	0	0	0	0	0	0	0	0	0	0	0	0	0	0	0	0	0	0	0	0	0	0	0	0
Copia-1_SPDB-I	LTR	Copia	0	0	0	0	0	0	0	0	0	0	0	0	0	0	0	53	0	0	0	0	0	0	0	0	0	0	0	0	0	0	0	0	0	0	0	0	0	0	0	0	0	0	0	0	0	0	0	0	0	0
rnd-4_family-639	Unknown	Unknown	0	0	0	0	0	0	0	0	0	0	0	0	0	168	295	486	531	504	395	664	524	198	381	1294	572	1035	748	671	179	672	306	231	58	0	0	0	0	0	0	0	0	0	0	0	0	0	0	0	0	0
rnd-1_family-5	Unknown	Unknown	0	0	0	0	0	0	0	0	0	0	0	0	0	0	0	153	148	0	147	252	965	415	0	0	0	293	17	318	0	0	0	0	0	0	0	0	0	0	0	0	0	0	0	0	0	0	0	0	0	0
Gypsy-1_AM-I	LTR	Gypsy	0	0	0	0	0	0	0	0	0	0	0	0	0	0	0	0	0	0	0	0	0	0	77	0	0	0	0	0	0	0	0	0	0	0	0	0	0	0	0	0	0	0	0	0	0	0	0	0	0	0
rnd-1_family-18	Unknown	Unknown	0	0	0	0	0	0	0	217	223	0	217	0	0	331	0	327	432	68	0	19	0	255	0	210	0	0	0	0	0	0	0	0	196	0	0	0	0	0	0	0	0	0	0	0	0	0	0	0	0	0
Copia-21_MLP-I	LTR	Copia	0	0	0	0	0	0	0	0	0	0	0	0	0	0	35	0	0	0	0	0	0	0	0	0	0	0	0	0	0	0	0	0	0	0	0	0	0	0	0	0	0	0	0	0	0	0	0	0	0	0
rnd-1_family-11	Unknown	Unknown	0	0	0	0	0	12	49	0	0	51	0	72	72	144	90	378	579	67	0	610	0	1078	0	202	0	157	601	0	0	0	0	0	0	0	0	0	0	0	0	0	0	0	0	0	0	0	0	0	0	0
Tad1-38_BG	LINE	Tad1	0	0	0	0	0	0	0	0	0	0	0	0	0	0	0	0	0	0	0	0	0	0	0	0	0	59	0	0	0	0	0	0	0	0	0	0	0	0	0	0	0	0	0	0	0	0	0	0	0	0
Copia-4_CPu-I	LTR	Copia	0	0	0	0	0	0	0	0	0	0	0	0	0	0	0	0	0	0	0	0	62	0	0	0	0	0	0	0	0	0	0	0	0	0	0	0	0	0	0	0	0	0	0	0	0	0	0	0	0	0
P-5_MLP	DNA	P-Fungi	0	0	0	0	0	0	0	0	0	0	0	0	0	0	0	0	0	0	0	0	0	0	0	70	0	0	0	0	0	0	52	0	0	0	0	0	0	0	0	0	0	0	0	0	0	0	0	0	0	0
Gypsy-2_ADe-I	LTR	Gypsy	0	0	0	0	0	0	0	0	0	0	0	0	0	0	0	0	0	0	0	0	0	0	0	0	72	0	0	0	0	0	0	0	0	0	0	0	0	0	0	0	0	0	0	0	0	0	0	0	0	0
Tad1-4_PGr	LINE	Tad1	0	0	0	0	0	0	0	0	0	0	0	0	0	0	0	0	0	0	0	0	0	0	0	0	0	121	0	0	0	0	0	0	0	0	0	0	0	0	0	0	0	0	0	0	0	0	0	0	0	0
Gypsy-10_ADe-I	LTR	Gypsy	0	0	0	0	0	0	0	0	0	0	67	0	0	0	0	0	0	0	0	0	0	0	0	0	0	0	0	0	0	0	0	0	0	0	0	0	0	0	0	0	0	0	0	0	0	0	0	0	0	0
Mariner-13_SS	DNA	TcMar-Fot1	0	0	0	0	0	0	0	0	0	0	0	0	0	0	0	0	0	0	0	0	0	0	0	0	0	0	0	0	0	0	0	0	0	0	0	0	0	0	0	172	0	0	0	0	0	0	0	0	0	0
Gypsy-118_MLP-I	LTR	Gypsy	0	0	0	0	0	0	0	0	0	0	0	0	0	0	0	0	0	0	0	0	0	0	0	0	61	0	0	0	0	0	0	0	0	0	0	0	0	0	0	0	0	0	0	0	0	0	0	0	0	0
rnd-1_family-37	SINE?	SINE?	0	0	0	0	0	0	135	131	107	274	507	265	142	0	0	112	0	129	94	0	0	0	0	0	0	0	0	0	0	0	0	0	0	0	0	0	0	0	0	0	0	0	0	0	0	0	0	0	0	0
CRYPT1	DNA	hAT-Restless	0	0	0	0	0	0	0	0	0	0	0	0	0	0	0	0	0	0	0	0	0	0	0	0	0	0	0	73	0	0	0	0	0	0	0	0	0	0	0	0	0	0	0	0	0	0	0	0	0	0
Gypsy-1_MVPL-I	LTR	Gypsy	0	0	0	0	0	0	0	0	0	0	0	0	0	0	0	0	0	0	0	0	0	0	54	0	0	0	0	0	0	0	0	0	0	0	0	0	0	0	0	0	0	0	0	0	0	0	0	0	0	0
LTR-1_PSt-LTR	LTR	LTR	0	0	0	0	0	0	0	0	0	0	0	0	0	0	0	0	0	0	0	0	0	0	0	0	0	103	0	0	0	0	0	0	0	0	0	0	0	0	0	0	0	0	0	0	0	0	0	0	0	0
Gypsy-51_BG-I	LTR	Gypsy	0	0	0	0	0	0	0	0	0	0	0	0	0	0	0	0	0	0	0	0	0	0	0	0	0	0	0	0	0	0	0	0	196	0	0	0	0	0	181	0	0	0	0	0	0	0	0	0	0	0
rnd-1_family-41	SINE?	SINE?	0	154	476	388	462	491	763	191	0	0	0	0	0	0	0	0	0	0	0	0	0	263	0	0	0	0	0	0	0	0	0	0	0	0	0	0	0	0	0	0	0	0	0	0	0	0	0	0	0	0
Gypsy-3_LBS-I	LTR	Gypsy	0	0	0	0	0	0	0	0	0	0	0	0	0	0	0	38	0	0	0	0	0	0	0	0	0	0	0	0	0	0	0	0	0	0	0	0	0	0	0	0	0	0	0	0	0	0	0	0	0	0
Gypsy-69_BG-I	LTR	Gypsy	0	0	0	0	0	0	0	0	0	0	0	0	0	0	0	0	0	0	50	0	0	0	0	0	0	0	0	0	0	0	0	0	0	0	0	0	0	0	0	0	0	0	0	0	0	0	0	0	0	0
rnd-1_family-12	Unknown	Unknown	0	0	0	0	0	0	0	536	2409	1361	8182	5585	1450	2432	1391	1883	408	0	0	0	69	0	87	220	0	0	0	0	0	0	0	0	0	0	0	0	0	0	0	0	0	0	0	0	0	0	0	0	0	0
Copia-77_BG-I	LTR	Copia	0	0	0	0	0	0	32	0	0	0	0	0	0	0	0	0	0	0	0	0	0	0	0	0	0	0	0	0	0	0	0	0	0	0	0	0	0	0	0	0	0	0	0	0	0	0	0	0	0	0
Copia-1_SCH-I	LTR	Copia	0	0	0	0	0	0	0	0	0	0	0	0	0	0	0	0	0	58	0	0	0	0	0	0	0	0	0	0	0	0	0	0	0	0	0	0	0	0	0	0	0	0	0	0	0	0	0	0	0	0
rnd-1_family-51	Unknown	Unknown	186	274	276	651	0	85	190	95	0	0	0	0	0	0	0	0	0	0	0	0	0	0	0	0	0	85	0	0	0	0	0	91	0	0	0	0	0	0	0	0	0	0	0	0	0	0	0	0	0	0
LTR-1_PTrit-LTR	LTR	LTR	0	0	0	0	0	0	0	0	0	0	0	0	0	0	0	0	0	0	0	0	0	0	0	0	91	0	0	0	0	0	0	0	0	0	0	0	0	0	0	0	0	0	0	0	0	0	0	0	0	0
EnSpm-2_PGr	DNA	CMC-EnSpm	0	0	0	0	0	0	0	0	36	0	0	0	0	0	0	0	0	0	0	0	0	0	0	0	0	0	0	0	0	0	0	0	0	0	0	0	0	0	0	0	0	0	0	0	0	0	0	0	0	0
Copia-2_PSH-I	LTR	Copia	0	0	0	0	0	0	0	0	0	0	0	0	0	0	0	0	0	0	0	0	0	0	0	0	0	0	0	0	0	0	90	0	0	0	0	0	0	0	0	0	0	0	0	0	0	0	0	0	0	0
Copia-3_SCH-I	LTR	Copia	0	0	0	0	0	0	0	0	0	0	0	0	0	0	0	0	0	0	0	0	48	0	0	0	0	0	0	0	0	0	0	0	0	0	0	0	0	0	0	0	0	0	0	0	0	0	0	0	0	0
Gypsy-56_BG-I	LTR	Gypsy	0	0	0	0	0	0	0	0	0	0	0	0	0	0	0	0	0	0	0	0	0	0	0	0	0	0	0	0	0	0	0	70	0	0	0	0	0	1092	0	215	0	0	0	0	0	0	0	0	0	0
Copia-7_BG-I	LTR	Copia	0	0	0	0	0	0	0	0	0	0	0	0	0	0	0	0	0	0	0	0	0	0	0	0	83	0	0	0	0	0	0	0	0	0	0	0	0	0	0	0	0	0	0	0	0	0	0	0	0	0
rnd-1_family-27	Unknown	Unknown	0	0	0	0	0	182	180	182	361	181	0	0	0	180	182	0	0	0	0	0	0	0	0	0	0	0	0	0	0	0	0	0	0	0	0	0	0	0	0	0	0	0	0	0	0	0	0	0	0	0
rnd-1_family-30	Unknown	Unknown	0	724	936	177	1497	0	0	177	0	0	0	0	0	178	0	0	177	0	191	178	257	0	0	0	0	0	174	156	121	0	140	0	0	0	0	0	0	0	0	0	0	0	0	0	0	0	0	0	0	0
Tad1-10_PGr	LINE	Tad1	0	0	0	0	0	0	0	0	0	0	0	0	0	0	0	0	0	0	0	0	0	0	0	0	0	0	89	0	0	0	0	0	0	0	0	0	0	0	0	0	0	0	0	0	0	0	0	0	0	0
Gypsy-3_CH	LTR	Gypsy	0	0	0	0	0	0	0	0	0	0	0	0	0	0	0	0	0	0	0	0	0	0	0	0	0	0	0	0	0	0	0	0	0	0	146	0	0	0	0	0	0	0	0	0	0	0	0	0	0	0
